GalaxyName         RA e1 e2   Dec e3 e4 EB-V  (m-M)o e5  e6   vh(km/s) Vmag e7  e8  PA     e=1-b/a  muVo  rh(')   e9    e10  vsig_s e11  e12  vrot_s e13  e14   MHI   Data Key vsig_g  e15  e16  vrot_g notes
#TheGalaxy         17 45 40.0 -29  0 28 9.999 99.99 9.99 9.99  999.9   99.9 9.9 9.9 999.9  9.99     99.9   99.99  9.99  9.99 99.9  99.9 99.9 99.9   99.9 99.9  99.9    x   u 99.9   99.9 99.9 999.9 
#*CanisMajor       07 12 35.0 -27 40  0 0.264 14.29 0.30 0.30   87.0   -0.1 0.8 0.8 123.0  9.99     24.0   99.99  9.99  9.99 20.0   3.0  3.0 99.9   99.9 99.9  99.9    x   u 99.9   99.9 99.9 999.9 
SagittariusdSph    18 55 19.5 -30 32 43 0.153 17.10 0.15 0.15  140.0    3.6 0.3 0.3 102.0  0.64     25.2  342.00 12.00 12.00 11.4   0.7  0.7 00.0   00.0 00.0  00.0    x   u 00.0   00.0 00.0  00.0 
TucanaIII       23 56 36.0 -59 36 00 9.999 17.01 0.16 0.16  -102    14.6 0.4 0.4 999.9  9.99     99.9    6.00  0.80  0.60 0.1  99.9 99.9 99.9   99.9 99.9  99.9     x  u 99.9   99.9 99.9 999.9 
DracoII          15 52 47.6 +64 33 55 0.016 16.90 0.30 0.30  -347   14.0 0.8 0.8  70.0  0.24     99.9    2.70  1.00  0.80  2.9  99.9 99.9 99.9   99.9 99.9  99.9    x   u 99.9   99.9 99.9 999.9 
Segue(I)          10  7  4.0  16  4 55 0.031 16.80 0.20 0.20  208.5   15.3 0.8 0.8  85.0  0.48     27.6    4.40  1.20  0.60  3.9   0.8  0.8 00.0   00.0 00.0  1.67    gs u 00.0   00.0 00.0  00.0 
Reticulum2        3 35 42.1 -54  2 57 9.999 17.40 0.20 0.20   64    14.7 0.1 0.1  71.0  0.59     99.9    3.64  0.21  0.12  3.4  99.9 99.9 99.9   99.9 99.9  99.9    x   u 99.9   99.9 99.9 999.9 
CetusII           1 17 52.8 -17 25 12 9.999 17.38 0.19 0.19  999.9   17.4 0.7 0.7 999.9  9.99     99.9    1.90  1.00  0.50 99.9  99.9 99.9 99.9   99.9 99.9  99.9   x    u 99.9   99.9 99.9 999.9 
TriangulumII     02 13 17.4 +36 10 42 0.081 17.40 0.10 0.10  -384   15.6 0.5 0.5  56.0  0.21     99.9    3.90  1.10  0.90 99.9  99.9 99.9 99.9   99.9 99.9  2.20    gs u 99.9   99.9 99.9 999.9 
UrsaMajorII      08 51 30.0  63  7 48 0.094 17.50 0.30 0.30 -116.5   13.3 0.5 0.5  98.0  0.63     27.9   16.00  1.00  1.00  6.7   1.4  1.4 00.0   00.0 00.0  00.0    x   u 00.0   00.0 00.0  00.0
BootesII          13 58  0.0  12 51  0 0.031 18.10 0.06 0.06 -117.0   15.4 0.9 0.9 145.0  0.21     28.1    4.20  1.40  1.40 10.5   7.4  7.4 99.9   99.9 99.9  2.26    gs u 00.0   00.0 00.0  00.0 
SegueII           02 19 16.0  20 10 31 0.185 17.70 0.10 0.10  -39.2   15.2 0.3 0.3 182.0  0.15     27.4    3.40  0.20  0.20  3.4   2.5  1.2 99.9   99.9 99.9  2.09    gs u 99.9   99.9 99.9 999.9 
Willman1          10 49 21.0  51  3  0 0.014 17.90 0.40 0.40  -12.3   15.2 0.7 0.7  77.0  0.47     26.1    2.30  0.40  0.40  4.3   2.3  1.3 99.9   99.9 99.9  00.0    x   u 00.0   00.0 00.0  00.0
ComaBerenices     12 26 59.0  23 54 15 0.017 18.20 0.20 0.20   98.1   14.1 0.5 0.5 115.0  0.38     27.3    6.00  0.60  0.60  4.6   0.8  0.8 00.0   00.0 00.0  2.06    gs u 00.0   00.0 00.0  00.0
TucanaIV          0  2 55.2 -60 51 00 9.999 18.41 0.19 0.19  999.9   14.9 0.3 0.3  11.0  0.40     99.9    9.10  1.70  1.40 99.9  99.9 99.9 99.9   99.9 99.9  99.9     x  u 99.9   99.9 99.9 999.9 
BootesIII        13 57 12.0  26 48  0 0.021 18.35 0.10 0.10  197.5   12.6 0.5 0.5  90.0  0.50     31.3   99.99  9.99  9.99 14.0   3.2  3.2 99.9   99.9 99.9  99.9     x  u 99.9   99.9 99.9 999.9 
GrusII           22 04  4.8 -46 26 24 9.999 18.62 0.21 0.21  999.9   14.7 0.2 0.2 999.9  9.99     99.9    6.00  0.90  0.50 99.9  99.9 99.9 99.9   99.9 99.9  99.9     x  u 99.9   99.9 99.9 999.9 
LMC                05 23 34.5 -69 45 22 0.926 18.52 0.09 0.09  262.2    0.4 0.1 0.1 999.9  9.99     99.9   99.99  9.99  9.99 20.2   0.5  0.5 49.8   15.9 15.9  460.   x    u 15.8    0.2  0.2  63.0
TucanaV          23 37 24.0 -63 16 12 9.999 18.71 0.34 0.34  999.9   17.1 0.5 0.5  30.0  0.70     99.9    1.00  0.30  0.30 99.9  99.9 99.9 99.9   99.9 99.9  99.9     x  u 99.9   99.9 99.9 999.9 
Tucana2           22 51 55.1 -58 34  8 9.999 18.80 0.20 0.20  -129   15.0 0.1 0.1 107.0  0.39     99.9    9.83  1.66  1.11  8.5  99.9 99.9 99.9   99.9 99.9  99.9     x  u 99.9   99.9 99.9 999.9 
SagittariusII    19 52 40.5 -22 04 05 0.097 19.13 0.15 0.15  999.9   13.9 0.4 0.4  72.0  0.23     99.9    2.00  0.40  0.30 99.9  99.9 99.9 99.9   99.9 99.9  99.9     x  u 99.9   99.9 99.9 999.9 
SMC                00 52 44.8 -72 49 43 0.419 19.03 0.12 0.12  145.6    2.2 0.2 0.2 999.9  9.99     99.9   99.99  9.99  9.99 27.6   0.5  0.5 00.0   00.0 00.0  460.    x   u 22.0    2.0  2.0  60.0 
Bootes(I)         14  0  6.0  14 30  0 0.017 19.11 0.08 0.08   99.0   12.8 0.2 0.2  14.0  0.39     27.5   12.60  1.00  1.00  2.4   0.9  0.5 99.9   99.9 99.9   2.76   gs   u 00.0   00.0 00.0  00.0 
Draco              17 20 12.4  57 54 55 0.027 19.40 0.17 0.17 -291.0   10.6 0.2 0.2  89.0  0.31     25.0   10.00  0.30  0.30  9.1   1.2  1.2 00.0   00.0 00.0  00.0    x   u 00.0   00.0 00.0  00.0 
UrsaMinor         15  9  8.5  67 13 21 0.032 19.40 0.10 0.10 -246.9   10.6 0.5 0.5  53.0  0.56     26.0    8.20  1.20  1.20  9.5   1.2  1.2 00.0   00.0 00.0  00.0     x  u 00.0   00.0 00.0  00.0 
HorologiumII      3 16 32.1 -50  1  5 9.999 19.46 0.20 0.20  999.9   16.9 0.2 0.3 127.0  0.52     99.9    2.09  0.44  0.41 99.9  99.9 99.9 99.9   99.9 99.9  99.9      x u 99.9   99.9 99.9 999.9 
Horologium1       2 55 31.7 -54  7  8 9.999 19.50 0.20 0.20  113    16.1 0.1 0.1 999.9  9.99     99.9    1.31  0.19  0.14  5  99.9 99.9 99.9   99.9 99.9  99.9      x u 99.9   99.9 99.9 999.9   
Eridanus3         2 22 45.5 -52 17  1 9.999 19.70 0.20 0.20  999.9   17.7 0.3 0.3  83.0  0.27     99.9    0.54  0.50  0.10 99.9  99.9 99.9 99.9   99.9 99.9  99.9   x    u 99.9   99.9 99.9 999.9   
Phoenix2         23 39 59.4 -54 24 22 9.999 19.60 0.20 0.20  999.9   16.8 0.2 0.2 164.0  0.47     99.9    1.09  0.26  0.16 99.9  99.9 99.9 99.9   99.9 99.9  99.9    x   u 99.9   99.9 99.9 999.9   
Sculptor           01  0  9.4 -33 42 33 0.018 19.67 0.14 0.14  111.4    8.6 0.5 0.5  99.0  0.32     23.5   11.30  1.60  1.60  9.2   1.4  1.4 00.0   00.0 00.0  0.22   x    u 00.0   00.0 00.0  00.0 
Sextans(I)        10 13  3.0  -1 36 53 0.047 19.67 0.10 0.10  224.2   10.4 0.5 0.5  56.0  0.35     27.1   27.80  1.20  1.20  7.9   1.3  1.3 00.0   00.0 00.0  00.0     x  u 00.0   00.0 00.0  00.0 
ReticulumIII      3 45 26.4 -60 27 00 9.999 19.81 0.31 0.31  999.9   16.5 0.3 0.3 999.9  9.99     99.9    2.40  0.90  0.80 99.9  99.9 99.9 99.9   99.9 99.9  99.9      x u 99.9   99.9 99.9 999.9 
Indus1           21  8 49.1 -51  9 56 9.999 20.00 0.20 0.20  999.9   16.5 0.2 0.2 999.9  9.99     99.9    1.26  0.45  0.27 99.9  99.9 99.9 99.9   99.9 99.9  99.9      x u 99.9   99.9 99.9 999.9    
UrsaMajor(I)     10 34 52.8  51 55 12 0.020 19.93 0.10 0.10  -55.3   14.4 0.3 0.3  71.0  0.80     27.7   11.30  1.70  1.70  7.6   1.0  1.0 99.9   99.9 99.9  00.0      x u 00.0   00.0 00.0  00.0 
Grus1            22 56 42.4 -50  9 48 9.999 20.40 0.20 0.20  -141   17.0 0.3 0.3   4.0  0.41     99.9    1.77  0.85  0.39 99.9  99.9 99.9 99.9   99.9 99.9  99.9      x u 99.9   99.9 99.9 999.9 
Pictoris1         4 43 47.4 -50 16 59 9.999 20.30 0.20 0.20  999.9   17.2 0.3 0.3  78.0  0.47     99.9    0.88  0.27  0.13 99.9  99.9 99.9 99.9   99.9 99.9  99.9     x  u 99.9   99.9 99.9 999.9   
Carina             06 41 36.7 -50 57 58 0.061 20.11 0.13 0.13  222.9   11.0 0.5 0.5  65.0  0.33     25.5    8.20  1.20  1.20  6.6   1.2  1.2 00.0   00.0 00.0  00.0    x   u 00.0   00.0 00.0  00.0 
Hercules           16 31  2.0  12 47 30 0.063 20.60 0.20 0.20   45.2   14.0 0.3 0.3 102.0  0.68     27.2    8.60  1.80  1.10  3.7   0.9  0.9 99.9   99.9 99.9  3.41  gs   u 00.0   00.0 00.0  00.0 
HydraII           12 21 42.1 -31 59 07 0.053 20.64 0.16 0.16  303.1   15.8 0.3 0.3  28.0  0.01     99.9    1.70  0.30  0.20 99.9  99.9 99.9 99.9   99.9 99.9  99.9     x  u 99.9   99.9 99.9 999.9 
Fornax             02 39 59.3 -34 26 57 0.021 20.84 0.18 0.18   55.3    7.4 0.3 0.3  41.0  0.30     23.3   16.60  1.20  1.20 11.7   0.9  0.9 00.0   00.0 00.0  0.17    x   u 00.0   00.0 00.0  00.0 
LeoIV             11 32 57.0  -0 32  0 0.026 20.94 0.09 0.09  132.3   15.1 0.4 0.4 121.0  0.49     27.5    4.60  0.80  0.80  3.3   1.7  1.7 99.9   99.9 99.9  3.36   gs  u 00.0   00.0 00.0  00.0 
CanesVenaticiII  12 57 10.0  34 19 15 0.010 21.02 0.06 0.06 -128.9   16.1 0.5 0.5 177.0  0.52     26.1    1.60  0.30  0.30  4.6   1.0  1.0 99.9   99.9 99.9  00.0      x u 00.0   00.0 00.0  00.0 
LeoV              11 31  9.6   2 13 12 0.027 21.25 0.12 0.12  173.3   16.0 0.4 0.4  96.0  0.50     27.1    2.60  0.60  0.60  3.7   2.3  1.4 99.9   99.9 99.9  00.0     x  u 00.0   00.0 00.0  00.0 
PiscesII          22 58 31.0   5 57  9 0.065 21.30 9.99 9.99  -227   16.3 0.5 0.5  77.0  0.40     25.7    1.10  0.10  0.10   5.4 99.9 99.9 99.9   99.9 99.9  99.9      x u 99.9   99.9 99.9 999.9 
ColumbaI          5 31 26.4 -28  1 48 9.999 21.30 0.22 0.22  999.9   16.8 0.2 0.2 999.9  9.99     99.9    1.90  0.50  0.40 99.9  99.9 99.9 99.9   99.9 99.9  99.9      x u 99.9   99.9 99.9 999.9 
Pegasus3         22 24 22.6  +5 25 12 9.999 21.56 0.20 0.20  999.9   17.5 0.5 0.5 133.0  0.46     99.9    1.30  0.50  0.40 99.9  99.9 99.9 99.9   99.9 99.9  3.43  g   unv 99.9   99.9 99.9 999.9 
IndusI?         20 38 52.8 -46  9 36 9.999 21.65 0.16 0.16  999.9   17.4 0.2 0.2 999.9  9.99     99.9    2.90  1.10  1.00 99.9  99.9 99.9 99.9   99.9 99.9  99.9     x  u 99.9   99.9 99.9 999.9 
CanesVenatici(I) 13 28  3.5  33 33 21 0.014 21.69 0.10 0.10   30.9   13.1 0.2 0.2  70.0  0.39     27.1    8.90  0.40  0.40  7.6   0.4  0.4 99.9   99.9 99.9  3.60   gs  u 00.0   00.0 00.0  00.0 
LeoII             11 13 28.8  22  9  6 0.017 21.84 0.13 0.13   78.0   12.0 0.3 0.3  12.0  0.13     24.2    2.60  0.60  0.60  6.6   0.7  0.7 99.9   99.9 99.9  00.0    x   u 00.0   00.0 00.0  00.0 
LeoI              10  8 28.1  12 18 23 0.036 22.02 0.13 0.13  282.5   10.0 0.3 0.3  79.0  0.21     22.6    3.40  0.30  0.30  9.2   1.4  1.4 00.0   00.0 00.0  4.02   gs   u 00.0   00.0 00.0  00.0 
#Andromeda           0 42 44.3  41 16  9 0.684 24.47 0.07 0.07 -300.0   99.9 9.9 9.9 999.9  9.99     99.9   99.99  9.99  9.99 99.9  99.9 99.9 99.9   99.9 99.9  99.9   x    u 99.9   99.9 99.9  99.9 
M32                 0 42 41.8  40 51 55 0.154 24.53 0.21 0.21 -199.0    8.1 0.1 0.1 159.0  0.25     11.1    0.47  0.05  0.05 92.0   5.0  5.0 55.0    3.0  3.0  00.0     x  u 00.0   00.0 00.0  00.0 
AndromedaIX        0 52 53.0  43 11 45 0.075 24.42 0.07 0.07 -209.4   16.3 1.1 1.1 999.9  9.99     28.0    2.50  0.10  0.10 10.9   2.0  2.0 99.9   99.9 99.9  00.0      x u 00.0   00.0 00.0  00.0 
NGC205             0 40 22.1  41 41  7 0.085 24.58 0.07 0.07 -246.0    8.1 0.1 0.1  28.0  0.43     19.2    2.46  0.10  0.10 35.0   5.0  5.0 11.0    5.0  5.0  0.40      x u 16.1   99.9 99.9  00.0 
AndromedaI         0 45 39.8  38  2 28 0.053 24.36 0.07 0.07 -376.3   12.5 0.1 0.1  22.0  0.22     24.7    3.10  0.30  0.30 10.2   1.9  1.9 99.9   99.9 99.9  00.0      x u 00.0   00.0 00.0  00.0 
AndromedaXVII      0 37  7.0  44 19 20 0.074 24.31 0.11 0.08 -251.6   15.8 0.4 0.4 122.0  0.27     25.7    1.24  0.08  0.08  2.9   2.2  1.9 99.9   99.9 99.9  00.0      x u 00.0   00.0 00.0  00.0 
AndromedaXXVII     0 37 27.1  45 23 13 0.080 24.59 0.12 0.12 -539.6   16.7 0.5 0.5 150.0  0.40     27.6    1.80  0.30  0.30 14.8   4.3  3.1 99.9   99.9 99.9  99.9      x u 99.9   99.9 99.9  99.9 
AndromedaIII       0 35 33.8  36 29 52 0.056 24.37 0.07 0.07 -344.3   14.2 0.3 0.3 136.0  0.52     24.8    2.20  0.20  0.20  9.3   1.4  1.4 99.9   99.9 99.9  00.0      x u 00.0   00.0 00.0  00.0 
AndromedaXXV       0 30  8.9  46 51  7 0.101 24.55 0.12 0.12 -107.8   14.8 0.5 0.5 170.0  0.25     27.1    3.00  0.20  0.20  3.0   1.2  1.1 99.9   99.9 99.9  99.9      x u 99.9   99.9 99.9  99.9 
AndromedaXXVI      0 23 45.6  47 54 58 0.110 24.41 0.12 0.12 -261.6   17.3 0.5 0.5 145.0  0.25     27.4    1.00  0.10  0.10  8.6   2.8  2.2 99.9   99.9 99.9  99.9      x u 99.9   99.9 99.9  99.9 
AndromedaV         1 10 17.1  47 37 41 0.125 24.44 0.08 0.08 -403.0   14.9 0.2 0.2  32.0  0.18     25.3    1.40  0.20  0.20 11.5   5.3  4.4 99.9   99.9 99.9  00.0      x u 00.0   00.0 00.0  00.0 
AndromedaXI        0 46 20.0  33 48  5 0.080 24.33 0.05 0.05 -419.6   17.5 1.2 1.2 999.9  9.99     26.5    0.71  0.03  0.03  4.6  99.9 99.9 99.9   99.9 99.9  00.0      x u 00.0   00.0 00.0  00.0 
AndromedaXIX       0 19 32.1  35  2 37 0.062 24.57 0.08 0.43 -111.6   15.6 0.6 0.6  37.0  0.17     29.3    6.20  0.10  0.10  4.7   1.6  1.4 99.9   99.9 99.9  5.13  gs   u 99.9   99.9 99.9  99.9 
AndromedaXXIII     1 29 21.8  38 43  8 0.066 24.43 0.13 0.13 -237.7   14.2 0.5 0.5 138.0  0.40     28.0    4.60  0.20  0.20  7.1   1.0  1.0 99.9   99.9 99.9  99.9     x  u 99.9   99.9 99.9  99.9 
AndromedaXX        0  7 30.7  35  7 56 0.059 24.35 0.12 0.16 -456.2   18.2 0.8 0.8  80.0  0.30     26.2    0.53  0.14  0.04  7.1   3.9  2.5 99.9   99.9 99.9  99.9     x  u 99.9   99.9 99.9  99.9 
AndromedaXIII      0 51 51.0  33  0 16 0.082 24.62 0.05 0.05 -185.4   18.1 1.2 1.2 999.9  9.99     27.3    0.78  0.08  0.08  5.8   2.0  2.0 99.9   99.9 99.9  00.0     x  u 00.0   00.0 00.0  00.0 (206)(207)
AndromedaX         1  6 33.7  44 48 16 0.129 24.13 0.08 0.13 -164.1   16.6 1.0 1.0  46.0  0.44     26.3    1.30  0.10  0.10  6.4   1.4  1.4 99.9   99.9 99.9  00.0     x  u 00.0   00.0 00.0  00.0 201)(202)
AndromedaXXI      23 54 47.7  42 28 15 0.093 24.59 0.06 0.07 -362.5   14.8 0.6 0.6 110.0  0.20     27.0    3.50  0.30  0.30  4.5   1.2  1.0 99.9   99.9 99.9  99.9      x u 99.9   99.9 99.9  99.9 
AndromedaXXXII          00 35 59.4  51 33 35 0.193 24.45 0.14 0.14  999.9   12.2 0.7 0.7 -90.0  0.50     26.4    6.50  1.20  1.00 99.9  99.9 99.9 99.9   99.9 99.9  99.9 x      u 99.9   99.9 99.9 999.9 
NGC147             0 33 12.1  48 30 32 0.172 24.15 0.09 0.09 -193.1    9.5 0.1 0.1  25.0  0.41     21.2    3.17  9.99  9.99 16.0   1.0  1.0 17.0    2.0  2.0  00.0      x u 00.0   00.0 00.0  00.0 
AndromedaXXX            00 36 34.9  49 38 48 0.166 24.17 0.10 0.26 -139.8   16.2 0.3 0.3 999.9  9.99     99.9    1.35  0.12  0.18 11.8   7.7  4.7 99.9   99.9 99.9  99.9 x      u 99.9   99.9 99.9 999.9 
AndromedaXIV       0 51 35.0  29 41 49 0.060 24.50 0.06 0.56 -480.6   15.9 0.5 0.5 999.9  0.31     27.2    1.70  0.80  0.80  5.3   1.0  1.0 99.9   99.9 99.9  00.0      x u 00.0   00.0 00.0  00.0 202)
AndromedaXII       0 47 27.0  34 22 29 0.110 24.84 0.09 0.34 -558.4   18.3 1.2 1.2 999.9  9.99     28.5    1.20  0.20  0.20  2.6   5.1  2.6 99.9   99.9 99.9  00.0      x u 00.0   00.0 00.0  00.0 (207)
AndromedaXV        1 14 18.7  38  7  3 0.047 23.98 0.26 0.12 -323.0   14.6 0.3 0.3   0.0  0.00     24.8    1.21  0.05  0.05  4.0   1.4  1.4 99.9   99.9 99.9  00.0      x u 00.0   00.0 00.0  00.0 202)
AndromedaII        1 16 29.8  33 25  9 0.061 24.07 0.06 0.06 -192.4   11.5 0.2 0.2  34.0  0.20     24.5    6.20  0.20  0.20  7.8   1.1  1.1 10.9    2.4  2.4  4.65   gs  u 00.0   00.0 00.0  00.0 204)
NGC185             0 38 58.0  48 20 15 0.184 23.95 0.09 0.09 -203.8    9.2 0.1 0.1  35.0  0.15     20.8    2.55  9.99  9.99 24.0   1.0  1.0 15.0    5.0  5.0  0.11     x  u 15.3    0.8  0.8  00.0 
AndromedaXXIX     23 58 55.6  30 45 20 0.046 24.32 0.22 0.22 -194.4   16.0 0.4 0.4  51.0  0.35     99.9    1.70  0.20  0.20  5.7   1.2  1.2 99.9   99.9 99.9  99.9     x  u 99.9   99.9 99.9  99.9 
Triangulum          1 33 50.9  30 39 37 0.041 24.54 0.06 0.06 -179.2    5.7 0.1 0.1 999.9  9.99     99.9   99.99  9.99  9.99 99.9  99.9 99.9 99.9   99.9 99.9  99.9    x   u 99.9   99.9 99.9  99.9 
AndromedaXXIV      1 18 30.0  46 21 58 0.083 23.89 0.12 0.12 -128.2   16.3 0.5 0.5   5.0  0.25     27.8    2.10  0.10  0.10 99.9  99.9 99.9 99.9   99.9 99.9  99.9     x  u 99.9   99.9 99.9  99.9 
AndromedaVII      23 26 31.7  50 40 33 0.194 24.41 0.10 0.10 -307.2   11.2 0.3 0.3  94.0  0.13     23.2    3.50  0.10  0.10 13.0   1.0  1.0 99.9   99.9 99.9  00.0     x  u 00.0   00.0 00.0  00.0 201)
IC10               0 20 17.3  59 18 14 1.568 24.50 0.12 0.12 -348.0    9.5 0.2 0.2 999.9  0.19     24.6    2.65  9.99  9.99 99.9  99.9 99.9 99.9   99.9 99.9  50.0     x  u  8.0    1.0  1.0  34.0 45)(146)(196)
AndromedaXXXI           22 58 16.3  41 17 28 0.133 24.40 0.12 0.12  999.9   12.7 0.7 0.7 -59.0  0.43     25.8    4.20  0.40  0.50 99.9  99.9 99.9 99.9   99.9 99.9  99.9 x      u 99.9   99.9 99.9 999.9 
LGS3               1  3 55.0  21 53  6 0.040 24.43 0.07 0.07 -286.5   14.3 0.1 0.1   0.0  0.20     24.8    2.10  0.20  0.20  7.9   5.3  2.9 99.9   99.9 99.9  0.38      x u  9.1    0.3  0.3   5.0  	   
AndromedaVI       23 51 46.3  24 34 57 0.063 24.47 0.07 0.07 -339.8   13.0 0.2 0.2 163.0  0.41     24.1    2.30  0.20  0.20 12.4   1.5  1.3 99.9   99.9 99.9  00.0      x u 00.0   00.0 00.0  00.0 130)(207) 
AndromedaXXII      1 27 40.0  28  5 25 0.079 24.82 0.07 0.36 -129.8   18.0 0.8 0.8 114.0  0.56     26.7    0.94  0.10  0.10  2.8   1.9  1.4 99.9   99.9 99.9  99.9    x   u 99.9   99.9 99.9  99.9 (212)
AndromedaXVI       0 59 29.8  32 22 36 0.067 23.39 0.19 0.14 -367.3   14.4 0.3 0.3   0.0  0.00     23.9    0.89  0.05  0.05  3.8   2.9  2.9 99.9   99.9 99.9  00.0    x   u 00.0   00.0 00.0  00.0 202)
AndromedaXXVIII   22 32 41.2  31 12 58 0.096 24.10 0.50 0.20 -326.2   15.6 0.4 0.9  39.0  0.34     26.3    1.11  0.21  0.21  6.6   2.9  2.1 99.9   99.9 99.9  99.9    x   u 99.9   99.9 99.9  99.9 
AndromedaXXXIII         03 01 23.6  40 59 18 0.131 24.44 0.18 0.18  999.9   14.1 0.7 0.7  -6.0  0.43     25.6    1.70  0.40  0.40 99.9  99.9 99.9 99.9   99.9 99.9  99.9    x   u 99.9   99.9 99.9 999.9 
IC1613             1  4 47.8   2  7  4 0.025 24.39 0.12 0.12 -231.6    9.2 0.1 0.1  50.0  0.11     22.8    6.81  9.99  9.99 10.8   1.0  0.9 99.9   99.9 99.9  65.0    x   u  5.9    1.0  1.0  25.0 49)(217)
Phoenix             1 51  6.3 -44 26 41 0.016 23.09 0.10 0.10  -13.0   13.2 0.4 0.4   5.0  0.40     25.8    3.76  9.99  9.99 99.9  99.9 99.9 99.9   99.9 99.9  0.12    x   u 10.0    4.0  4.0  00.0 150)
Eridanus2          3 44 21.1 -43 32 00 9.999 22.90 0.20 0.20  999.9   16.3 0.1 0.1  81.0  0.40     99.9    1.53  0.14  0.09 99.9  99.9 99.9 99.9   99.9 99.9  99.9     x  u 99.9   99.9 99.9 999.9   
NGC6822           19 44 56.6 -14 47 21 0.231 23.31 0.08 0.08  -54.5    8.1 0.2 0.2 330.0  0.24     19.7    2.65  9.99  9.99 23.2   1.2  1.2 99.9   99.9 99.9  130.     x  u  5.8    1.9  1.9  47.0 51)(197)(217)
Cetus               0 26 11.0 -11  2 40 0.029 24.39 0.07 0.07  -83.9   13.1 0.2 0.2  63.0  0.33     25.0    3.20  0.10  0.10  8.3   1.0  1.0  7.7    1.2  1.2  00.0    x   u 00.0   00.0 00.0  00.0 217)
PegasusdIrr       23 28 36.3  14 44 35 0.068 24.82 0.07 0.07 -179.5   12.6 0.2 0.2 120.0  0.46     22.8    2.10  0.04  0.04 12.3   1.2  1.1 10.0    0.3  0.3   5.9    x   u  9.0   99.9 99.9  21.0 7)
LeoT               9 34 53.4  17  3  5 0.031 23.10 0.10 0.10   38.1   15.1 0.5 0.5   0.0  0.00     24.8    0.99  0.06  0.06  7.5   1.6  1.6 99.9   99.9 99.9  0.28    x   u  6.9    1.0  1.0  00.0 79)(180)
WLM                 0  1 58.2 -15 27 39 0.038 24.85 0.08 0.08 -130.0   10.6 0.1 0.1 179.0  0.55     23.7    8.62  0.26  0.26 17.5   2.0  2.0 17.0    1.0  1.0  61.0   x    u  4.5    1.0  1.0  30.0 05)
AndromedaXVIII     0  2 14.5  45  5 20 0.106 25.42 0.07 0.08 -332.1   16.0 9.9 9.9 999.9  9.99     25.6    0.92  0.06  0.06  9.7   2.3  2.3 99.9   99.9 99.9  99.9    x   u 99.9   99.9 99.9  99.9 	  
LeoA               9 59 26.5  30 44 47 0.021 24.51 0.12 0.12   24.0   12.4 0.2 0.2 114.0  0.40     22.8    2.15  9.99  9.99  6.7   1.4  1.2 00.0   00.0 00.0  11.0    x   u  9.3    1.4  1.4  00.0 55)(198)(217)
Aquarius           20 46 51.8 -12 50 53 0.051 25.15 0.08 0.08 -137.7   14.5 0.1 0.1  98.7  0.50     23.6    1.47  0.04  0.04  7.9   1.9  1.6 99.9   99.9 99.9   4.1   x    u  5.8    0.1  0.1  00.0 
Tucana             22 41 49.6 -64 25 10 0.031 24.74 0.12 0.12  194.0   15.2 0.2 0.2  97.0  0.48     25.0    1.10  0.20  0.20 15.8   4.1  3.1 16.0   99.9 99.9  00.0   x    u 00.0   00.0 00.0  00.0 
SagittariusdIrr   19 29 59.0 -17 40 51 0.124 25.14 0.18 0.18  -78.5   13.6 0.2 0.2  90.0  0.50     23.9    0.91  0.05  0.05 99.9  99.9 99.9 99.9   99.9 99.9   8.8    x   u 10.0    1.0  1.0   0.0 
UGC4879            9 16  2.2  52 50 24 0.016 25.67 0.04 0.04  -29.2   13.2 0.2 0.2  84.2  0.44     21.2    0.41  0.04  0.04  9.6   1.3  1.2 99.9   99.9 99.9  0.95    x   u 11.0    1.1  1.1  00.0 13)(217)
AntliaB           09 48 56.1 -25 59 24 0.069 25.56 0.16 0.16  376.0   15.9 0.6 0.6   4.0  0.30     99.9    0.72  0.07  0.07 99.9  99.9 99.9 99.9   99.9 99.9  0.28    x   u 0.02   0.02 99.9 999.9 
NGC3109           10  3  6.9 -26  9 35 0.067 25.57 0.08 0.08  403.0   10.7 0.1 0.1  91.5  0.82     22.6    4.30  0.10  0.10 99.9  99.9 99.9 99.9   99.9 99.9  450.    x   u 10.0   99.9 99.9  72.4 81)(157)
SextansB          10  0  0.1   5 19 56 0.031 25.77 0.03 0.03  304.0   11.3 0.2 0.2 110.0  0.31     21.9    1.06  0.10  0.10  8.0  99.9 99.9 90.0   99.9 99.9  51.0     x  u 18.0   99.9 99.9  71.0 58)
Antlia             10  4  4.1 -27 19 52 0.079 25.65 0.10 0.10  362.0   15.2 0.2 0.2 135.0  0.40     23.9    1.20  0.12  0.12 99.9  99.9 99.9 99.9   99.9 99.9  0.73    x   u  6.4    0.7  0.7  99.9 81)
SextansA          10 11  0.8  -4 41 34 0.045 25.78 0.08 0.08  324.0   11.5 0.1 0.1   0.0  0.17     22.8    2.47  9.99  9.99 99.9  99.9 99.9 99.9   99.9 99.9  77.0    x   u  8.0    1.0  1.0  20.0 59)(199)
HIZSS3(A)          7  0 29.3  -4 12 30 1.013 26.12 0.14 0.14  288.0   99.9 9.9 9.9 999.9  9.99     99.9   99.99  9.99  9.99 99.9  99.9 99.9 99.9   99.9 99.9  14.0    x   u 99.9   99.9 99.9  42.0 
HIZSS3B            7  0 29.3  -4 12 30 1.013 26.12 0.14 0.14  322.6   99.9 9.9 9.9 999.9  9.99     99.9   99.99  9.99  9.99 99.9  99.9 99.9 99.9   99.9 99.9   2.6    x   u 99.9   99.9 99.9  99.9 
LeoP              10 21 45.1  18 05 17 0.108 26.05 0.20 0.20  264.0   16.9 0.1 0.1 999.9  9.99     99.9   99.99  9.99  9.99 99.9   9.9  9.9 99.9   99.9 99.9  0.94    x   u 99.9   99.9 99.9   9.0 
ESO410-G005      0 15 31.6 -32 10 48 0.014 26.42 0.04 0.04  999.9   14.9 0.3 0.3  57.0  0.37     22.2    0.50  0.05  0.05 99.9  99.9 99.9 99.9   99.9 99.9  0.73     x  u 14.2    0.6  0.6  99.9 
KKR25             16 13 48.0  54 22 16 0.009 26.42 0.07 0.07  -65.0   15.5 0.2 0.2 999.9  0.49     24.0    0.47  0.03  0.03 99.9  99.9 99.9 99.9   99.9 99.9  99.9   x    u 99.9   99.9 99.9  99.9 
NGC55              0 14 53.6 -39 11 48 0.013 26.43 0.12 0.12  129.0    7.9 0.1 0.1 108.0  0.83     19.3    5.16  9.99  9.99 99.9  99.9 99.9 99.9   99.9 99.9  1300   x    u 99.9   99.9 99.9  86.0 
ESO294-G010      0 26 33.4 -41 51 19 0.006 26.54 0.04 0.04  117.0   15.3 0.3 0.3   8.0  0.51     22.3    0.42  0.04  0.04 99.9  99.9 99.9 99.9   99.9 99.9  0.34     x  u  9.7    0.9  0.9  99.9 161)
NGC300             0 54 53.5 -37 41  4 0.013 26.59 0.06 0.06  146.0    8.1 0.1 0.1 111.0  0.29     21.0    5.00  9.99  9.99 99.9  99.9 99.9 80.0    5.0  5.0  1800   x    u 13.0    5.0  5.0  98.8 65)
IC5152            22  2 41.5 -51 17 47 0.025 26.45 0.05 0.05  122.0   10.9 9.9 9.9 100.0  0.38     20.1    0.97  9.99  9.99 99.9  99.9 99.9 99.9   99.9 99.9  87.    x    u 99.9   99.9 99.9  99.9 
KKH98             23 45 34.0  38 43  4 0.123 27.01 0.09 0.09 -136.9   15.2 0.3 0.3 175.0  0.41     22.8    0.64  0.06  0.06 99.9  99.9 99.9 99.9   99.9 99.9   6.6   x    u 99.9   99.9 99.9  99.9 90)
UKS2323-326       23 26 27.5 -32 23 20 0.015 26.72 0.09 0.09   62.0   13.5 0.2 0.2 120.0  0.10     22.9    0.90  0.10  0.10 99.9  99.9 99.9 99.9   99.9 99.9  17.0   x    u 99.9   99.9 99.9  99.9 166)(117)
KK258             22 40 43.9 -30 47 59 0.011 26.85 0.07 0.07   92.0   16.3 9.9 9.9 999.9  0.50     26.0    9.99  9.99  9.99 99.9  99.9 99.9 99.9   99.9 99.9  99.9    x   u 99.9   99.9 99.9 999.9 
KKR3              14  7 10.5  35  3 37 0.014 26.70 0.12 0.12   63.3   17.2 0.3 0.3   0.0  0.05     23.8    0.36  0.04  0.04 99.9  99.9 99.9 99.9   99.9 99.9   2.5    x   u  7.5    0.5  0.5  00.0 
KKs3                2 24 44.4 -73 30 51 0.045 26.63 0.07 0.07  316.0   14.5 0.1 0.1 999.9  0.60     24.9    0.57  0.06  0.06 99.9  99.9 99.9 99.9   99.9 99.9  99.9   x    u 99.9   99.9 99.9 999.9      
GR8               12 58 40.4  14 13  3 0.026 26.69 0.12 0.12  213.9   14.5 0.2 0.2  61.0  0.20     22.6    0.32  0.04  0.04 99.9  99.9 99.9 99.9   99.9 99.9  11.0    x   u  7.0    0.2  0.2  00.0 
UGC9128           14 15 56.5  23  3 19 0.023 26.80 0.04 0.04  152.0   14.4 0.3 0.3  46.0  0.40     22.6    0.64  0.07  0.07 99.9  99.9 99.9 99.9   99.9 99.9  18.0    x   u 15.0   99.9 99.9  56.0 
UGC8508           13 30 44.4  54 54 36 0.015 27.06 0.03 0.03   56.0   13.7 0.1 0.1 120.0  0.45     21.5    0.42  0.04  0.04 99.9  99.9 99.9 99.9   99.9 99.9  29.0    x   u 99.9   99.9 99.9  31.2 90)(168)
IC3104            12 18 46.0 -79 43 34 0.410 26.78 0.18 0.18  429.0   12.8 9.9 9.9  45.0  0.52     23.3    2.01  9.99  9.99 99.9  99.9 99.9 99.9   99.9 99.9  13.0    x   u 99.9   99.9 99.9 999.9   	   
DDO125            12 27 40.9  43 29 44 0.020 27.06 0.05 0.05  194.9   12.7 0.3 0.3 112.0  0.41     22.1    1.04  0.10  0.10 99.9  99.9 99.9 99.9   99.9 99.9  35.0    x   u  7.3    1.5  1.5  11.2 169)(170)
UGCA86             3 59 48.3  67  8 19 0.938 27.36 0.17 0.17   67.0   14.2 9.9 9.9  25.0  0.32     22.8    0.94  9.99  9.99 99.9  99.9 99.9 99.9   99.9 99.9  860.    x   u  8.8    1.0  1.0 122.0 172)
DDO99             11 50 53.0  38 52 49 0.026 27.07 0.14 0.14  251.0   13.9 0.1 0.1  70.0  0.29     22.9    0.90  0.09  0.09 99.9  99.9 99.9 99.9   99.9 99.9  52.0    x   u 99.9   99.9 99.9  99.9 117)
IC4662            17 47  8.8 -64 38 30 0.070 26.94 0.17 0.17  302.0   11.1 0.3 0.3 111.0  0.27     18.7    0.48  0.05  0.05 99.9  99.9 99.9 99.9   99.9 99.9  180.    x   u 99.9   99.9 99.9  99.9 
DDO190            14 24 43.4  44 31 33 0.012 27.23 0.03 0.03  150.0   12.8 0.1 0.1  82.0  0.10     21.4    0.64  0.06  0.06 99.9  99.9 99.9 99.9   99.9 99.9  43.0    x   u 10.0    2.4  2.4  24.7 169)(170)
KKH86             13 54 33.5   4 14 35 0.027 27.06 0.16 0.16  287.2   17.1 0.3 0.3 177.0  0.39     23.2    0.28  0.03  0.03 99.9  99.9 99.9 99.9   99.9 99.9  0.88    x   u 99.9   99.9 99.9  99.9 173)
NGC4163           12 12  9.1  36 10  9 0.020 27.28 0.03 0.03  165.0   13.2 0.3 0.3  11.0  0.30     21.1    0.45  0.05  0.05 99.9  99.9 99.9 99.9   99.9 99.9   7.9    x   u  7.4   99.9 99.9   8.7 174)
DDO113            12 14 57.9  36 13  8 0.020 27.35 0.06 0.06  284.0   16.4 0.3 0.3 999.9  0.00     24.0    0.70  0.07  0.07 99.9  99.9 99.9 99.9   99.9 99.9  48.0    x   u 99.9   99.9 99.9  99.9 
Antlia2			  09 35 32.8 -36 46 2.28 nan 20.6 0.11 nan 290.7 nan nan nan nan nan nan nan nan 9.99 99.9 99.9  99.9 99.9 99.9   99.9 99.9  99.9 x   u 99.9   99.9 99.9  99.9 