# 		      cubename        cra       cdec     min_ra     max_ra    min_dec    max_dec
GALFA_HI_RA+DEC_004.00+02.35_W       4.00       2.35      -0.26       8.26      -1.34       6.61
GALFA_HI_RA+DEC_004.00+10.35_W       4.00      10.35      -0.26       8.26       6.09      14.61
GALFA_HI_RA+DEC_004.00+18.35_W       4.00      18.35      -0.26       8.26      14.09      22.61
GALFA_HI_RA+DEC_004.00+26.35_W       4.00      26.35      -0.26       8.26      22.09      30.61
GALFA_HI_RA+DEC_004.00+34.35_W       4.00      34.35      -0.26       8.26      30.09      38.00
GALFA_HI_RA+DEC_012.00+02.35_W      12.00       2.35       7.74      16.26      -1.34       6.61
GALFA_HI_RA+DEC_012.00+10.35_W      12.00      10.35       7.74      16.26       6.09      14.61
GALFA_HI_RA+DEC_012.00+18.35_W      12.00      18.35       7.74      16.26      14.09      22.61
GALFA_HI_RA+DEC_012.00+26.35_W      12.00      26.35       7.74      16.26      22.09      30.61
GALFA_HI_RA+DEC_012.00+34.35_W      12.00      34.35       7.74      16.26      30.09      38.00
GALFA_HI_RA+DEC_020.00+02.35_W      20.00       2.35      15.74      24.26      -1.34       6.61
GALFA_HI_RA+DEC_020.00+10.35_W      20.00      10.35      15.74      24.26       6.09      14.61
GALFA_HI_RA+DEC_020.00+18.35_W      20.00      18.35      15.74      24.26      14.09      22.61
GALFA_HI_RA+DEC_020.00+26.35_W      20.00      26.35      15.74      24.26      22.09      30.61
GALFA_HI_RA+DEC_020.00+34.35_W      20.00      34.35      15.74      24.26      30.09      38.00
GALFA_HI_RA+DEC_028.00+02.35_W      28.00       2.35      23.74      32.26      -1.34       6.61
GALFA_HI_RA+DEC_028.00+10.35_W      28.00      10.35      23.74      32.26       6.09      14.61
GALFA_HI_RA+DEC_028.00+18.35_W      28.00      18.35      23.74      32.26      14.09      22.61
GALFA_HI_RA+DEC_028.00+26.35_W      28.00      26.35      23.74      32.26      22.09      30.61
GALFA_HI_RA+DEC_028.00+34.35_W      28.00      34.35      23.74      32.26      30.09      38.00
GALFA_HI_RA+DEC_036.00+02.35_W      36.00       2.35      31.74      40.26      -1.34       6.61
GALFA_HI_RA+DEC_036.00+10.35_W      36.00      10.35      31.74      40.26       6.09      14.61
GALFA_HI_RA+DEC_036.00+18.35_W      36.00      18.35      31.74      40.26      14.09      22.61
GALFA_HI_RA+DEC_036.00+26.35_W      36.00      26.35      31.74      40.26      22.09      30.61
GALFA_HI_RA+DEC_036.00+34.35_W      36.00      34.35      31.74      40.26      30.09      38.00
GALFA_HI_RA+DEC_044.00+02.35_W      44.00       2.35      39.74      48.26      -1.34       6.61
GALFA_HI_RA+DEC_044.00+10.35_W      44.00      10.35      39.74      48.26       6.09      14.61
GALFA_HI_RA+DEC_044.00+18.35_W      44.00      18.35      39.74      48.26      14.09      22.61
GALFA_HI_RA+DEC_044.00+26.35_W      44.00      26.35      39.74      48.26      22.09      30.61
GALFA_HI_RA+DEC_044.00+34.35_W      44.00      34.35      39.74      48.26      30.09      38.00
GALFA_HI_RA+DEC_052.00+02.35_W      52.00       2.35      47.74      56.26      -1.34       6.61
GALFA_HI_RA+DEC_052.00+10.35_W      52.00      10.35      47.74      56.26       6.09      14.61
GALFA_HI_RA+DEC_052.00+18.35_W      52.00      18.35      47.74      56.26      14.09      22.61
GALFA_HI_RA+DEC_052.00+26.35_W      52.00      26.35      47.74      56.26      22.09      30.61
GALFA_HI_RA+DEC_052.00+34.35_W      52.00      34.35      47.74      56.26      30.09      38.00
GALFA_HI_RA+DEC_060.00+02.35_W      60.00       2.35      55.74      64.26      -1.34       6.61
GALFA_HI_RA+DEC_060.00+10.35_W      60.00      10.35      55.74      64.26       6.09      14.61
GALFA_HI_RA+DEC_060.00+18.35_W      60.00      18.35      55.74      64.26      14.09      22.61
GALFA_HI_RA+DEC_060.00+26.35_W      60.00      26.35      55.74      64.26      22.09      30.61
GALFA_HI_RA+DEC_060.00+34.35_W      60.00      34.35      55.74      64.26      30.09      38.00
GALFA_HI_RA+DEC_068.00+02.35_W      68.00       2.35      63.74      72.26      -1.34       6.61
GALFA_HI_RA+DEC_068.00+10.35_W      68.00      10.35      63.74      72.26       6.09      14.61
GALFA_HI_RA+DEC_068.00+18.35_W      68.00      18.35      63.74      72.26      14.09      22.61
GALFA_HI_RA+DEC_068.00+26.35_W      68.00      26.35      63.74      72.26      22.09      30.61
GALFA_HI_RA+DEC_068.00+34.35_W      68.00      34.35      63.74      72.26      30.09      38.00
GALFA_HI_RA+DEC_076.00+02.35_W      76.00       2.35      71.74      80.26      -1.34       6.61
GALFA_HI_RA+DEC_076.00+10.35_W      76.00      10.35      71.74      80.26       6.09      14.61
GALFA_HI_RA+DEC_076.00+18.35_W      76.00      18.35      71.74      80.26      14.09      22.61
GALFA_HI_RA+DEC_076.00+26.35_W      76.00      26.35      71.74      80.26      22.09      30.61
GALFA_HI_RA+DEC_076.00+34.35_W      76.00      34.35      71.74      80.26      30.09      38.00
GALFA_HI_RA+DEC_084.00+02.35_W      84.00       2.35      79.74      88.26      -1.34       6.61
GALFA_HI_RA+DEC_084.00+10.35_W      84.00      10.35      79.74      88.26       6.09      14.61
GALFA_HI_RA+DEC_084.00+18.35_W      84.00      18.35      79.74      88.26      14.09      22.61
GALFA_HI_RA+DEC_084.00+26.35_W      84.00      26.35      79.74      88.26      22.09      30.61
GALFA_HI_RA+DEC_084.00+34.35_W      84.00      34.35      79.74      88.26      30.09      38.00
GALFA_HI_RA+DEC_092.00+02.35_W      92.00       2.35      87.74      96.26      -1.34       6.61
GALFA_HI_RA+DEC_092.00+10.35_W      92.00      10.35      87.74      96.26       6.09      14.61
GALFA_HI_RA+DEC_092.00+18.35_W      92.00      18.35      87.74      96.26      14.09      22.61
GALFA_HI_RA+DEC_092.00+26.35_W      92.00      26.35      87.74      96.26      22.09      30.61
GALFA_HI_RA+DEC_092.00+34.35_W      92.00      34.35      87.74      96.26      30.09      38.00
GALFA_HI_RA+DEC_100.00+02.35_W     100.00       2.35      95.74     104.26      -1.34       6.61
GALFA_HI_RA+DEC_100.00+10.35_W     100.00      10.35      95.74     104.26       6.09      14.61
GALFA_HI_RA+DEC_100.00+18.35_W     100.00      18.35      95.74     104.26      14.09      22.61
GALFA_HI_RA+DEC_100.00+26.35_W     100.00      26.35      95.74     104.26      22.09      30.61
GALFA_HI_RA+DEC_100.00+34.35_W     100.00      34.35      95.74     104.26      30.09      38.00
GALFA_HI_RA+DEC_108.00+02.35_W     108.00       2.35     103.74     112.26      -1.34       6.61
GALFA_HI_RA+DEC_108.00+10.35_W     108.00      10.35     103.74     112.26       6.09      14.61
GALFA_HI_RA+DEC_108.00+18.35_W     108.00      18.35     103.74     112.26      14.09      22.61
GALFA_HI_RA+DEC_108.00+26.35_W     108.00      26.35     103.74     112.26      22.09      30.61
GALFA_HI_RA+DEC_108.00+34.35_W     108.00      34.35     103.74     112.26      30.09      38.00
GALFA_HI_RA+DEC_116.00+02.35_W     116.00       2.35     111.74     120.26      -1.34       6.61
GALFA_HI_RA+DEC_116.00+10.35_W     116.00      10.35     111.74     120.26       6.09      14.61
GALFA_HI_RA+DEC_116.00+18.35_W     116.00      18.35     111.74     120.26      14.09      22.61
GALFA_HI_RA+DEC_116.00+26.35_W     116.00      26.35     111.74     120.26      22.09      30.61
GALFA_HI_RA+DEC_116.00+34.35_W     116.00      34.35     111.74     120.26      30.09      38.00
GALFA_HI_RA+DEC_124.00+02.35_W     124.00       2.35     119.74     128.26      -1.34       6.61
GALFA_HI_RA+DEC_124.00+10.35_W     124.00      10.35     119.74     128.26       6.09      14.61
GALFA_HI_RA+DEC_124.00+18.35_W     124.00      18.35     119.74     128.26      14.09      22.61
GALFA_HI_RA+DEC_124.00+26.35_W     124.00      26.35     119.74     128.26      22.09      30.61
GALFA_HI_RA+DEC_124.00+34.35_W     124.00      34.35     119.74     128.26      30.09      38.00
GALFA_HI_RA+DEC_132.00+02.35_W     132.00       2.35     127.74     136.26      -1.34       6.61
GALFA_HI_RA+DEC_132.00+10.35_W     132.00      10.35     127.74     136.26       6.09      14.61
GALFA_HI_RA+DEC_132.00+18.35_W     132.00      18.35     127.74     136.26      14.09      22.61
GALFA_HI_RA+DEC_132.00+26.35_W     132.00      26.35     127.74     136.26      22.09      30.61
GALFA_HI_RA+DEC_132.00+34.35_W     132.00      34.35     127.74     136.26      30.09      38.00
GALFA_HI_RA+DEC_140.00+02.35_W     140.00       2.35     135.74     144.26      -1.34       6.61
GALFA_HI_RA+DEC_140.00+10.35_W     140.00      10.35     135.74     144.26       6.09      14.61
GALFA_HI_RA+DEC_140.00+18.35_W     140.00      18.35     135.74     144.26      14.09      22.61
GALFA_HI_RA+DEC_140.00+26.35_W     140.00      26.35     135.74     144.26      22.09      30.61
GALFA_HI_RA+DEC_140.00+34.35_W     140.00      34.35     135.74     144.26      30.09      38.00
GALFA_HI_RA+DEC_148.00+02.35_W     148.00       2.35     143.74     152.26      -1.34       6.61
GALFA_HI_RA+DEC_148.00+10.35_W     148.00      10.35     143.74     152.26       6.09      14.61
GALFA_HI_RA+DEC_148.00+18.35_W     148.00      18.35     143.74     152.26      14.09      22.61
GALFA_HI_RA+DEC_148.00+26.35_W     148.00      26.35     143.74     152.26      22.09      30.61
GALFA_HI_RA+DEC_148.00+34.35_W     148.00      34.35     143.74     152.26      30.09      38.00
GALFA_HI_RA+DEC_156.00+02.35_W     156.00       2.35     151.74     160.26      -1.34       6.61
GALFA_HI_RA+DEC_156.00+10.35_W     156.00      10.35     151.74     160.26       6.09      14.61
GALFA_HI_RA+DEC_156.00+18.35_W     156.00      18.35     151.74     160.26      14.09      22.61
GALFA_HI_RA+DEC_156.00+26.35_W     156.00      26.35     151.74     160.26      22.09      30.61
GALFA_HI_RA+DEC_156.00+34.35_W     156.00      34.35     151.74     160.26      30.09      38.00
GALFA_HI_RA+DEC_164.00+02.35_W     164.00       2.35     159.74     168.26      -1.34       6.61
GALFA_HI_RA+DEC_164.00+10.35_W     164.00      10.35     159.74     168.26       6.09      14.61
GALFA_HI_RA+DEC_164.00+18.35_W     164.00      18.35     159.74     168.26      14.09      22.61
GALFA_HI_RA+DEC_164.00+26.35_W     164.00      26.35     159.74     168.26      22.09      30.61
GALFA_HI_RA+DEC_164.00+34.35_W     164.00      34.35     159.74     168.26      30.09      38.00
GALFA_HI_RA+DEC_172.00+02.35_W     172.00       2.35     167.74     176.26      -1.34       6.61
GALFA_HI_RA+DEC_172.00+10.35_W     172.00      10.35     167.74     176.26       6.09      14.61
GALFA_HI_RA+DEC_172.00+18.35_W     172.00      18.35     167.74     176.26      14.09      22.61
GALFA_HI_RA+DEC_172.00+26.35_W     172.00      26.35     167.74     176.26      22.09      30.61
GALFA_HI_RA+DEC_172.00+34.35_W     172.00      34.35     167.74     176.26      30.09      38.00
GALFA_HI_RA+DEC_180.00+02.35_W     180.00       2.35     175.74     184.26      -1.34       6.61
GALFA_HI_RA+DEC_180.00+10.35_W     180.00      10.35     175.74     184.26       6.09      14.61
GALFA_HI_RA+DEC_180.00+18.35_W     180.00      18.35     175.74     184.26      14.09      22.61
GALFA_HI_RA+DEC_180.00+26.35_W     180.00      26.35     175.74     184.26      22.09      30.61
GALFA_HI_RA+DEC_180.00+34.35_W     180.00      34.35     175.74     184.26      30.09      38.00
GALFA_HI_RA+DEC_188.00+02.35_W     188.00       2.35     183.74     192.26      -1.34       6.61
GALFA_HI_RA+DEC_188.00+10.35_W     188.00      10.35     183.74     192.26       6.09      14.61
GALFA_HI_RA+DEC_188.00+18.35_W     188.00      18.35     183.74     192.26      14.09      22.61
GALFA_HI_RA+DEC_188.00+26.35_W     188.00      26.35     183.74     192.26      22.09      30.61
GALFA_HI_RA+DEC_188.00+34.35_W     188.00      34.35     183.74     192.26      30.09      38.00
GALFA_HI_RA+DEC_196.00+02.35_W     196.00       2.35     191.74     200.26      -1.34       6.61
GALFA_HI_RA+DEC_196.00+10.35_W     196.00      10.35     191.74     200.26       6.09      14.61
GALFA_HI_RA+DEC_196.00+18.35_W     196.00      18.35     191.74     200.26      14.09      22.61
GALFA_HI_RA+DEC_196.00+26.35_W     196.00      26.35     191.74     200.26      22.09      30.61
GALFA_HI_RA+DEC_196.00+34.35_W     196.00      34.35     191.74     200.26      30.09      38.00
GALFA_HI_RA+DEC_204.00+02.35_W     204.00       2.35     199.74     208.26      -1.34       6.61
GALFA_HI_RA+DEC_204.00+10.35_W     204.00      10.35     199.74     208.26       6.09      14.61
GALFA_HI_RA+DEC_204.00+18.35_W     204.00      18.35     199.74     208.26      14.09      22.61
GALFA_HI_RA+DEC_204.00+26.35_W     204.00      26.35     199.74     208.26      22.09      30.61
GALFA_HI_RA+DEC_204.00+34.35_W     204.00      34.35     199.74     208.26      30.09      38.00
GALFA_HI_RA+DEC_212.00+02.35_W     212.00       2.35     207.74     216.26      -1.34       6.61
GALFA_HI_RA+DEC_212.00+10.35_W     212.00      10.35     207.74     216.26       6.09      14.61
GALFA_HI_RA+DEC_212.00+18.35_W     212.00      18.35     207.74     216.26      14.09      22.61
GALFA_HI_RA+DEC_212.00+26.35_W     212.00      26.35     207.74     216.26      22.09      30.61
GALFA_HI_RA+DEC_212.00+34.35_W     212.00      34.35     207.74     216.26      30.09      38.00
GALFA_HI_RA+DEC_220.00+02.35_W     220.00       2.35     215.74     224.26      -1.34       6.61
GALFA_HI_RA+DEC_220.00+10.35_W     220.00      10.35     215.74     224.26       6.09      14.61
GALFA_HI_RA+DEC_220.00+18.35_W     220.00      18.35     215.74     224.26      14.09      22.61
GALFA_HI_RA+DEC_220.00+26.35_W     220.00      26.35     215.74     224.26      22.09      30.61
GALFA_HI_RA+DEC_220.00+34.35_W     220.00      34.35     215.74     224.26      30.09      38.00
GALFA_HI_RA+DEC_228.00+02.35_W     228.00       2.35     223.74     232.26      -1.34       6.61
GALFA_HI_RA+DEC_228.00+10.35_W     228.00      10.35     223.74     232.26       6.09      14.61
GALFA_HI_RA+DEC_228.00+18.35_W     228.00      18.35     223.74     232.26      14.09      22.61
GALFA_HI_RA+DEC_228.00+26.35_W     228.00      26.35     223.74     232.26      22.09      30.61
GALFA_HI_RA+DEC_228.00+34.35_W     228.00      34.35     223.74     232.26      30.09      38.00
GALFA_HI_RA+DEC_236.00+02.35_W     236.00       2.35     231.74     240.26      -1.34       6.61
GALFA_HI_RA+DEC_236.00+10.35_W     236.00      10.35     231.74     240.26       6.09      14.61
GALFA_HI_RA+DEC_236.00+18.35_W     236.00      18.35     231.74     240.26      14.09      22.61
GALFA_HI_RA+DEC_236.00+26.35_W     236.00      26.35     231.74     240.26      22.09      30.61
GALFA_HI_RA+DEC_236.00+34.35_W     236.00      34.35     231.74     240.26      30.09      38.00
GALFA_HI_RA+DEC_244.00+02.35_W     244.00       2.35     239.74     248.26      -1.34       6.61
GALFA_HI_RA+DEC_244.00+10.35_W     244.00      10.35     239.74     248.26       6.09      14.61
GALFA_HI_RA+DEC_244.00+18.35_W     244.00      18.35     239.74     248.26      14.09      22.61
GALFA_HI_RA+DEC_244.00+26.35_W     244.00      26.35     239.74     248.26      22.09      30.61
GALFA_HI_RA+DEC_244.00+34.35_W     244.00      34.35     239.74     248.26      30.09      38.00
GALFA_HI_RA+DEC_252.00+02.35_W     252.00       2.35     247.74     256.26      -1.34       6.61
GALFA_HI_RA+DEC_252.00+10.35_W     252.00      10.35     247.74     256.26       6.09      14.61
GALFA_HI_RA+DEC_252.00+18.35_W     252.00      18.35     247.74     256.26      14.09      22.61
GALFA_HI_RA+DEC_252.00+26.35_W     252.00      26.35     247.74     256.26      22.09      30.61
GALFA_HI_RA+DEC_252.00+34.35_W     252.00      34.35     247.74     256.26      30.09      38.00
GALFA_HI_RA+DEC_260.00+02.35_W     260.00       2.35     255.74     264.26      -1.34       6.61
GALFA_HI_RA+DEC_260.00+10.35_W     260.00      10.35     255.74     264.26       6.09      14.61
GALFA_HI_RA+DEC_260.00+18.35_W     260.00      18.35     255.74     264.26      14.09      22.61
GALFA_HI_RA+DEC_260.00+26.35_W     260.00      26.35     255.74     264.26      22.09      30.61
GALFA_HI_RA+DEC_260.00+34.35_W     260.00      34.35     255.74     264.26      30.09      38.00
GALFA_HI_RA+DEC_268.00+02.35_W     268.00       2.35     263.74     272.26      -1.34       6.61
GALFA_HI_RA+DEC_268.00+10.35_W     268.00      10.35     263.74     272.26       6.09      14.61
GALFA_HI_RA+DEC_268.00+18.35_W     268.00      18.35     263.74     272.26      14.09      22.61
GALFA_HI_RA+DEC_268.00+26.35_W     268.00      26.35     263.74     272.26      22.09      30.61
GALFA_HI_RA+DEC_268.00+34.35_W     268.00      34.35     263.74     272.26      30.09      38.00
GALFA_HI_RA+DEC_276.00+02.35_W     276.00       2.35     271.74     280.26      -1.34       6.61
GALFA_HI_RA+DEC_276.00+10.35_W     276.00      10.35     271.74     280.26       6.09      14.61
GALFA_HI_RA+DEC_276.00+18.35_W     276.00      18.35     271.74     280.26      14.09      22.61
GALFA_HI_RA+DEC_276.00+26.35_W     276.00      26.35     271.74     280.26      22.09      30.61
GALFA_HI_RA+DEC_276.00+34.35_W     276.00      34.35     271.74     280.26      30.09      38.00
GALFA_HI_RA+DEC_284.00+02.35_W     284.00       2.35     279.74     288.26      -1.34       6.61
GALFA_HI_RA+DEC_284.00+10.35_W     284.00      10.35     279.74     288.26       6.09      14.61
GALFA_HI_RA+DEC_284.00+18.35_W     284.00      18.35     279.74     288.26      14.09      22.61
GALFA_HI_RA+DEC_284.00+26.35_W     284.00      26.35     279.74     288.26      22.09      30.61
GALFA_HI_RA+DEC_284.00+34.35_W     284.00      34.35     279.74     288.26      30.09      38.00
GALFA_HI_RA+DEC_292.00+02.35_W     292.00       2.35     287.74     296.26      -1.34       6.61
GALFA_HI_RA+DEC_292.00+10.35_W     292.00      10.35     287.74     296.26       6.09      14.61
GALFA_HI_RA+DEC_292.00+18.35_W     292.00      18.35     287.74     296.26      14.09      22.61
GALFA_HI_RA+DEC_292.00+26.35_W     292.00      26.35     287.74     296.26      22.09      30.61
GALFA_HI_RA+DEC_292.00+34.35_W     292.00      34.35     287.74     296.26      30.09      38.00
GALFA_HI_RA+DEC_300.00+02.35_W     300.00       2.35     295.74     304.26      -1.34       6.61
GALFA_HI_RA+DEC_300.00+10.35_W     300.00      10.35     295.74     304.26       6.09      14.61
GALFA_HI_RA+DEC_300.00+18.35_W     300.00      18.35     295.74     304.26      14.09      22.61
GALFA_HI_RA+DEC_300.00+26.35_W     300.00      26.35     295.74     304.26      22.09      30.61
GALFA_HI_RA+DEC_300.00+34.35_W     300.00      34.35     295.74     304.26      30.09      38.00
GALFA_HI_RA+DEC_308.00+02.35_W     308.00       2.35     303.74     312.26      -1.34       6.61
GALFA_HI_RA+DEC_308.00+10.35_W     308.00      10.35     303.74     312.26       6.09      14.61
GALFA_HI_RA+DEC_308.00+18.35_W     308.00      18.35     303.74     312.26      14.09      22.61
GALFA_HI_RA+DEC_308.00+26.35_W     308.00      26.35     303.74     312.26      22.09      30.61
GALFA_HI_RA+DEC_308.00+34.35_W     308.00      34.35     303.74     312.26      30.09      38.00
GALFA_HI_RA+DEC_316.00+02.35_W     316.00       2.35     311.74     320.26      -1.34       6.61
GALFA_HI_RA+DEC_316.00+10.35_W     316.00      10.35     311.74     320.26       6.09      14.61
GALFA_HI_RA+DEC_316.00+18.35_W     316.00      18.35     311.74     320.26      14.09      22.61
GALFA_HI_RA+DEC_316.00+26.35_W     316.00      26.35     311.74     320.26      22.09      30.61
GALFA_HI_RA+DEC_316.00+34.35_W     316.00      34.35     311.74     320.26      30.09      38.00
GALFA_HI_RA+DEC_324.00+02.35_W     324.00       2.35     319.74     328.26      -1.34       6.61
GALFA_HI_RA+DEC_324.00+10.35_W     324.00      10.35     319.74     328.26       6.09      14.61
GALFA_HI_RA+DEC_324.00+18.35_W     324.00      18.35     319.74     328.26      14.09      22.61
GALFA_HI_RA+DEC_324.00+26.35_W     324.00      26.35     319.74     328.26      22.09      30.61
GALFA_HI_RA+DEC_324.00+34.35_W     324.00      34.35     319.74     328.26      30.09      38.00
GALFA_HI_RA+DEC_332.00+02.35_W     332.00       2.35     327.74     336.26      -1.34       6.61
GALFA_HI_RA+DEC_332.00+10.35_W     332.00      10.35     327.74     336.26       6.09      14.61
GALFA_HI_RA+DEC_332.00+18.35_W     332.00      18.35     327.74     336.26      14.09      22.61
GALFA_HI_RA+DEC_332.00+26.35_W     332.00      26.35     327.74     336.26      22.09      30.61
GALFA_HI_RA+DEC_332.00+34.35_W     332.00      34.35     327.74     336.26      30.09      38.00
GALFA_HI_RA+DEC_340.00+02.35_W     340.00       2.35     335.74     344.26      -1.34       6.61
GALFA_HI_RA+DEC_340.00+10.35_W     340.00      10.35     335.74     344.26       6.09      14.61
GALFA_HI_RA+DEC_340.00+18.35_W     340.00      18.35     335.74     344.26      14.09      22.61
GALFA_HI_RA+DEC_340.00+26.35_W     340.00      26.35     335.74     344.26      22.09      30.61
GALFA_HI_RA+DEC_340.00+34.35_W     340.00      34.35     335.74     344.26      30.09      38.00
GALFA_HI_RA+DEC_348.00+02.35_W     348.00       2.35     343.74     352.26      -1.34       6.61
GALFA_HI_RA+DEC_348.00+10.35_W     348.00      10.35     343.74     352.26       6.09      14.61
GALFA_HI_RA+DEC_348.00+18.35_W     348.00      18.35     343.74     352.26      14.09      22.61
GALFA_HI_RA+DEC_348.00+26.35_W     348.00      26.35     343.74     352.26      22.09      30.61
GALFA_HI_RA+DEC_348.00+34.35_W     348.00      34.35     343.74     352.26      30.09      38.00
GALFA_HI_RA+DEC_356.00+02.35_W     356.00       2.35     351.74     360.26      -1.34       6.61
GALFA_HI_RA+DEC_356.00+10.35_W     356.00      10.35     351.74     360.26       6.09      14.61
GALFA_HI_RA+DEC_356.00+18.35_W     356.00      18.35     351.74     360.26      14.09      22.61
GALFA_HI_RA+DEC_356.00+26.35_W     356.00      26.35     351.74     360.26      22.09      30.61
GALFA_HI_RA+DEC_356.00+34.35_W     356.00      34.35     351.74     360.26      30.09      38.00
