###################################################################################################################################
##   Run       R_HI_L    M_HI_L       Sigma_HI_L     h_HI_L     f_HI_L     R_HI_GK   M_HI_GK      Sigma_HI_GK    h_HI_GK   f_HI_GK
##             [kpc]     [10^9 M_Sun] [M_Sun pc^-2]  [kpc]                 [kpc]     [10^9 M_Sun] [M_Sun pc^-2]  [kpc]
###################################################################################################################################

###################################################################################################################################
##   Fiducial resolution (level 4) 
###################################################################################################################################
     Au 1      29.7       8.1          2.9           1.9        0.228      29.9       8.7         3.1            2.4       0.241
     Au 2      49.9      22.3          2.9           1.7        0.240      50.0      22.0         2.8            1.8       0.238
     Au 3      42.0      18.3          3.3           1.7        0.191      42.2      17.0         3.0            2.3       0.180 
     Au 4      22.9       7.4          4.5           2.7        0.094      23.5       7.6         4.4            4.9       0.097
     Au 5      24.5       7.3          3.8           1.9        0.098      24.7       7.0         3.7            2.9       0.094 
     Au 6      38.0      15.0          3.3           1.6        0.240      38.2      14.8         3.2            1.9       0.238
     Au 7      35.4      18.0          4.6           4.3        0.270      35.5      19.1         4.8            5.8       0.282
     Au 8      54.8      22.2          2.3           1.8        0.426      55.1      22.9         2.4            1.9       0.434
     Au 9      24.5       6.4          3.4           1.3        0.095      24.7       6.3         3.3            1.8       0.094
     Au 10     13.3       2.2          3.9           1.7        0.036      13.6       2.4         4.1            4.1       0.039
     Au 11     15.3       1.4          1.9           3.5        0.020      15.1       1.7         2.3            4.5       0.024
     Au 12     19.9       6.7          5.3           2.2        0.100      20.2       7.0         5.5            4.8       0.104
     Au 13      7.1       0.8          5.0           1.7        0.013       7.3       1.1         6.8            2.5       0.018
     Au 14     34.7      21.5          5.7           4.5        0.171      34.8      21.2         5.6            6.2       0.169
     Au 15     34.0      17.2          4.7           3.1        0.304      34.1      17.1         4.7            4.7       0.303
     Au 16     52.2      29.3          3.4           2.0        0.351      52.3      29.2         3.4            2.4       0.351
     Au 17     20.4       4.5          3.5           2.3        0.056      20.5       4.7         3.5            3.4       0.058
     Au 18     25.0       5.0          2.5           1.2        0.059      25.1       4.6         2.3            1.5       0.054
     Au 19     36.2      13.0          3.2           1.5        0.196      36.3      12.7         3.1            1.9       0.193
     Au 20     46.9      29.4          4.3           3.7        0.383      47.1      30.8         4.4            4.3       0.394
     Au 21     34.8      17.8          4.7           2.7        0.187      34.9      17.0         4.4            4.5       0.181
     Au 22     11.2       1.4          3.6           1.0        0.023      11.3       1.4         3.4            1.5       0.023
     Au 23     34.8      14.5          3.8           1.7        0.138      35.0      14.2         3.7            2.1       0.136
     Au 24     43.9      18.3          3.0           1.3        0.218      44.0      18.0         2.9            1.7       0.216
     Au 25     37.8      15.6          3.5           2.5        0.332      37.9      15.6         3.5            3.0       0.332
     Au 26      5.6       0.5          4.9           3.9        0.005       5.9       0.7         6.7           10.4       0.006
     Au 27     32.0      13.7          4.3           1.9        0.125      32.2      13.0         4.0            2.7       0.119
     Au 28     14.7       2.0          2.9           4.9        0.019      14.9       2.1         3.0            9.2       0.020
     Au 29     22.6       8.4          5.2           4.5        0.085      22.7       7.9         4.9            5.3       0.080
     Au 30     18.3       2.6          2.4           2.7        0.058      19.1       2.8         2.4            3.8       0.062

###################################################################################################################################
##   Low resolution (level 5)
###################################################################################################################################
     Au 16     61.1      39.2          3.3           3.4        0.511      61.4      40.8         3.5            3.4       0.521
     Au 24     30.6      13.2          4.5           2.0        0.174      30.7      13.5         4.6            2.3       0.177
                                                                              
###################################################################################################################################
##   High resolution (level 3)                                               
###################################################################################################################################
     Au 16     57.9      27.3          2.6           1.6        0.258      58.2      26.6         2.5            2.3       0.253
     Au 24     43.1      17.8          3.0           1.8        0.187      43.3      17.0         2.9            2.4       0.180
     
